Station to measurement adjacency list
      0   ARAWANG n=    8 Joins:       0      1      2      3      4      5     38    334
      1  COOLEMAN n=    7 Joins:       0     10     11     39     99    131    269
      2    TS2090 n=    9 Joins:       1     99    100    101    102    103    104    261    283
      3    TS4301 n=    9 Joins:       2     44    100    200    201    211    285    320    336
      4    TS5664 n=   11 Joins:       3     10    101    106    244    245    274    297    303    327    328
      5    TS5851 n=    9 Joins:       4    249    265    283    284    285    286    287    288
      6   TS12109 n=   35 Joins:       5     11     20     72     82     94    103    104    107    108    135    224    240    241    242    250    259    260    267    268    276    282    287    288    296    299    305    326    327    328    329    330    331    332    333
      7 BIG MONKS n=    5 Joins:       6      7      8      9    112
      8    LANYON n=    8 Joins:       6     32     33     34     35     63    113    246
      9   MELROSE n=    7 Joins:       7     36     37    151    184    206    289
     10      ROSE n=    4 Joins:       8     63     64    203
     11    TS5852 n=    4 Joins:       9     35    289    290
     12     CRACE n=    5 Joins:      12     13     52    139    323
     13  TS2940-1 n=    1 Joins:      12
     14    TS3617 n=    3 Joins:      13     55    144
     15   DOWLING n=    6 Joins:      14     15     16    157    209    214
     16    TS1642 n=    6 Joins:      14     95     96    212    244    252
     17    TS5075 n=    8 Joins:      15     80    166    210    212    213    245    273
     18   TS12110 n=   12 Joins:      16     47    136    137    170    180    191    218    277    278    307    308
     19     GPS10 n=   18 Joins:      17     18     19     20     21     22     23     24     25     26     27     28     29     51     81     98    228    292
     20     GPS09 n=    7 Joins:      17     50     97    202    227    251    291
     21SHANAHANS MTN n=   11 Joins:      18     70     71     72     73     74     75     76     77     78    231
     22    TS1486 n=    3 Joins:      19     71    342
     23   TS12133 n=    5 Joins:      21     22     73     83    345
     24   TS12139 n=    5 Joins:      23     24     74     84    346
     25   TS12140 n=    4 Joins:      25     75     85    347
     26   TS12143 n=    6 Joins:      26     77     87    111    226    348
     27WRIGHTS HILL n=   13 Joins:      27     28     29     78    243    341    342    343    344    345    346    347    348
     28 LAKEBASE2 n=    7 Joins:      30     31     57     65    121    145    172
     29     TS603 n=    3 Joins:      30     66    148
     30   TS12097 n=   10 Joins:      31     62     69    190    217    302    322    323    324    325
     31    TS1433 n=    8 Joins:      32     88     89     90     91     92     93     94
     32    TS4192 n=    9 Joins:      33     89    184    185    207    247    262    284    290
     33  TS4311-1 n=   10 Joins:      34     90    115    116    202    203    204    205    235    255
     34    TS4618 n=    8 Joins:      36    154    185    208    211    314    317    338
     35   TS10833 n=    7 Joins:      37    124    128    155    313    314    315
     36     OAKEY n=   13 Joins:      38     39     40     41     42     43     44     45     46     47     48     49    132
     37RED HILL ECCE n=    8 Joins:      40     57     58    122    146    173    318    335
     38      STR3 n=   11 Joins:      41     79     80    133    147    158    162    174    186    270    306
     39    TS3651 n=   11 Joins:      42     60     79    145    146    147    148    149    150    163    176
     40    TS3889 n=   16 Joins:      43    172    173    174    175    176    177    178    179    180    181    182    183    188    319    325
     41   TS10834 n=    9 Joins:      45    129    179    201    315    316    317    321    339
     42   TS10835 n=    9 Joins:      46     68    125    318    319    320    321    322    340
     43   TS12121 n=    8 Joins:      48    109    138    171    181    192    279    309
     44   TS12227 n=   10 Joins:      49    182    183    334    335    336    337    338    339    340
     45ORRORAL FORD n=    5 Joins:      50     51     56    229    293
     46  PERCIVAL n=    7 Joins:      52     53     54     55    119    141    324
     47ROGERS ECCE n=    7 Joins:      53     59     60     61     62    117    193
     48    TS3584 n=    4 Joins:      54    139    140    143
     49      R622 n=    5 Joins:      56    230    294    295    326
     50   RUSSELL n=    6 Joins:      58     65     66     67     68     69
     51    TS2409 n=    5 Joins:      59    119    120    140    142
     52   TS10018 n=    7 Joins:      61    120    198    221    310    311    312
     53    TS2187 n=    8 Joins:      64     88    112    113    114    115    116    254
     54    TS2933 n=    7 Joins:      67    121    122    123    124    125    316
     55  TS1017-1 n=   10 Joins:      70     81     82     83     84     85     86     87    232    341
     56   TS12141 n=    5 Joins:      76     86    110    160    225
     57    TS5838 n=    8 Joins:      91    246    247    248    249    250    263    280
     58    TS5839 n=   14 Joins:      92    238    248    251    252    253    254    255    256    257    258    259    260    281
     59    TS5842 n=    6 Joins:      93    264    280    281    282    298
     60    TS2104 n=   11 Joins:      95    105    106    107    108    109    110    111    222    234    253
     61    TS3723 n=    8 Joins:      96    157    158    159    160    161    196    215
     62    TS1741 n=    6 Joins:      97     98    114    204    233    343
     63    TS5912 n=    8 Joins:     102    266    297    298    299    304    330    331
     64    TS5661 n=    7 Joins:     105    223    224    225    226    237    257
     65  TS2255-1 n=    4 Joins:     117    118    194    310
     66    TS5237 n=    9 Joins:     118    150    167    197    214    215    216    217    218
     67    TS3100 n=    7 Joins:     123    126    127    128    129    130    152
     68  TS4239-1 n=    3 Joins:     126    153    313
     69    TS6050 n=    1 Joins:     127
     70   TS12021 n=    2 Joins:     130    156
     71    TS3333 n=   11 Joins:     131    132    133    134    135    136    137    138    175    187    271
     72    TS7277 n=   10 Joins:     134    169    178    189    213    275    306    307    308    309
     73    TS3623 n=    7 Joins:     141    142    143    144    195    219    311
     74    TS4201 n=   10 Joins:     149    164    186    187    188    189    190    191    192    272
     75    TS3696 n=    6 Joins:     151    152    153    154    155    156
     76    TS4568 n=    5 Joins:     159    165    209    210    216
     77   TS12186 n=    3 Joins:     161    199    312
     78    TS3846 n=   11 Joins:     162    163    164    165    166    167    168    169    170    171    177
     79    TS5841 n=   12 Joins:     168    269    270    271    272    273    274    275    276    277    278    279
     80    TS4231 n=    8 Joins:     193    194    195    196    197    198    199    220
     81    TS4462 n=    6 Joins:     200    206    207    208    286    337
     82    TS5870 n=   10 Joins:     205    239    258    291    292    293    294    295    296    329
     83    TS5565 n=    3 Joins:     219    220    221
     84    TS5658 n=    5 Joins:     222    223    236    256    344
     85    TS5662 n=   17 Joins:     227    228    229    230    231    232    233    234    235    236    237    238    239    240    241    242    243
     86    TS5840 n=    8 Joins:     261    262    263    264    265    266    267    268
     87    TS6047 n=    3 Joins:     300    301    302
     88    TS1901 n=    1 Joins:     300
     89    TS2202 n=    1 Joins:     301
     90    TS7276 n=    5 Joins:     303    304    305    332    333
Station to station adjacency list
      0   ARAWANG n=    0 Joins: 
      1  COOLEMAN n=    0 Joins: 
      2    TS2090 n=    0 Joins: 
      3    TS4301 n=    0 Joins: 
      4    TS5664 n=    0 Joins: 
      5    TS5851 n=    0 Joins: 
      6   TS12109 n=    0 Joins: 
      7 BIG MONKS n=    0 Joins: 
      8    LANYON n=    0 Joins: 
      9   MELROSE n=    0 Joins: 
     10      ROSE n=    0 Joins: 
     11    TS5852 n=    0 Joins: 
     12     CRACE n=    0 Joins: 
     13  TS2940-1 n=    0 Joins: 
     14    TS3617 n=    0 Joins: 
     15   DOWLING n=    0 Joins: 
     16    TS1642 n=    0 Joins: 
     17    TS5075 n=    0 Joins: 
     18   TS12110 n=    0 Joins: 
     19     GPS10 n=    0 Joins: 
     20     GPS09 n=    0 Joins: 
     21SHANAHANS MTN n=    0 Joins: 
     22    TS1486 n=    0 Joins: 
     23   TS12133 n=    0 Joins: 
     24   TS12139 n=    0 Joins: 
     25   TS12140 n=    0 Joins: 
     26   TS12143 n=    0 Joins: 
     27WRIGHTS HILL n=    0 Joins: 
     28 LAKEBASE2 n=    0 Joins: 
     29     TS603 n=    0 Joins: 
     30   TS12097 n=    0 Joins: 
     31    TS1433 n=    0 Joins: 
     32    TS4192 n=    0 Joins: 
     33  TS4311-1 n=    0 Joins: 
     34    TS4618 n=    0 Joins: 
     35   TS10833 n=    0 Joins: 
     36     OAKEY n=    0 Joins: 
     37RED HILL ECCE n=    0 Joins: 
     38      STR3 n=    0 Joins: 
     39    TS3651 n=    0 Joins: 
     40    TS3889 n=    0 Joins: 
     41   TS10834 n=    0 Joins: 
     42   TS10835 n=    0 Joins: 
     43   TS12121 n=    0 Joins: 
     44   TS12227 n=    0 Joins: 
     45ORRORAL FORD n=    0 Joins: 
     46  PERCIVAL n=    0 Joins: 
     47ROGERS ECCE n=    0 Joins: 
     48    TS3584 n=    0 Joins: 
     49      R622 n=    0 Joins: 
     50   RUSSELL n=    0 Joins: 
     51    TS2409 n=    0 Joins: 
     52   TS10018 n=    0 Joins: 
     53    TS2187 n=    0 Joins: 
     54    TS2933 n=    0 Joins: 
     55  TS1017-1 n=    0 Joins: 
     56   TS12141 n=    0 Joins: 
     57    TS5838 n=    0 Joins: 
     58    TS5839 n=    0 Joins: 
     59    TS5842 n=    0 Joins: 
     60    TS2104 n=    0 Joins: 
     61    TS3723 n=    0 Joins: 
     62    TS1741 n=    0 Joins: 
     63    TS5912 n=    0 Joins: 
     64    TS5661 n=    0 Joins: 
     65  TS2255-1 n=    0 Joins: 
     66    TS5237 n=    0 Joins: 
     67    TS3100 n=    0 Joins: 
     68  TS4239-1 n=    0 Joins: 
     69    TS6050 n=    0 Joins: 
     70   TS12021 n=    0 Joins: 
     71    TS3333 n=    0 Joins: 
     72    TS7277 n=    0 Joins: 
     73    TS3623 n=    0 Joins: 
     74    TS4201 n=    0 Joins: 
     75    TS3696 n=    0 Joins: 
     76    TS4568 n=    0 Joins: 
     77   TS12186 n=    0 Joins: 
     78    TS3846 n=    0 Joins: 
     79    TS5841 n=    0 Joins: 
     80    TS4231 n=    0 Joins: 
     81    TS4462 n=    0 Joins: 
     82    TS5870 n=    0 Joins: 
     83    TS5565 n=    0 Joins: 
     84    TS5658 n=    0 Joins: 
     85    TS5662 n=    0 Joins: 
     86    TS5840 n=    0 Joins: 
     87    TS6047 n=    0 Joins: 
     88    TS1901 n=    0 Joins: 
     89    TS2202 n=    0 Joins: 
     90    TS7276 n=    0 Joins: 

_numPoints: 91

_parametergroups.size(): 91

_numMeasurements: 349

_measurements.size(): 349
Set station degree
Set station degree sum
Calculate Measurement sVCV
Raw VCV
Measurement 0 label ARAWANG to COOLEMANRaw VCV for meas0 3.12202e-005 -1.27505e-007 1.32962e-007 3.10222e-005 -9.05449e-008 3.10438e-005 
Scaling VCV
sVCV for meas 0
  3.1220e-005 -1.2750e-007  1.3296e-007
 -1.2750e-007  3.1022e-005 -9.0545e-008
  1.3296e-007 -9.0545e-008  3.1044e-005

Cholesky decompose VCV
Printing Cholesky decomposed VCV
Chol decom fr 0 178.974 0.73337 -0.764418 179.542 0.523667 179.479 
Raw VCV
Measurement 1 label ARAWANG to COOLEMANRaw VCV for meas1 3.67291e-005 -9.26057e-008 1.15457e-007 3.66033e-005 -5.87147e-008 3.6665e-005 
Scaling VCV
sVCV for meas 1
  3.6729e-005 -9.2606e-008  1.1546e-007
 -9.2606e-008  3.6603e-005 -5.8715e-008
  1.1546e-007 -5.8715e-008  3.6665e-005

Cholesky decompose VCV
Printing Cholesky decomposed VCV
Chol decom fr 1 165.005 0.416628 -0.51893 165.288 0.264689 165.148 
Raw VCV
Measurement 2 label ARAWANG to COOLEMANRaw VCV for meas2 3.47267e-005 -8.93621e-008 1.02667e-007 3.46581e-005 -5.52134e-008 3.47356e-005 
Scaling VCV
sVCV for meas 2
  3.4727e-005 -8.9362e-008  1.0267e-007
 -8.9362e-008  3.4658e-005 -5.5213e-008
  1.0267e-007 -5.5213e-008  3.4736e-005

Cholesky decompose VCV
Printing Cholesky decomposed VCV
Chol decom fr 2 169.696 0.436745 -0.50087 169.863 0.270003 169.673 
Raw VCV
Measurement 3 label ARAWANG to COOLEMANRaw VCV for meas3 0.000101742 -1.38756e-007 1.66539e-007 0.000101554 -8.6502e-008 0.00010163 
Scaling VCV
sVCV for meas 3
  1.0174e-004 -1.3876e-007  1.6654e-007
 -1.3876e-007  1.0155e-004 -8.6502e-008
  1.6654e-007 -8.6502e-008  1.0163e-004

Cholesky decompose VCV
Printing Cholesky decomposed VCV
Chol decom fr 3 99.1404 0.13532 -0.162345 99.2319 0.084461 99.1949 
Raw VCV
Measurement 4 label ARAWANG to COOLEMANRaw VCV for meas4 4.36582e-005 -1.10458e-007 1.25651e-007 4.35269e-005 -7.25175e-008 4.35785e-005 
Scaling VCV
sVCV for meas 4
  4.3658e-005 -1.1046e-007  1.2565e-007
 -1.1046e-007  4.3527e-005 -7.2518e-008
  1.2565e-007 -7.2518e-008  4.3578e-005

Cholesky decompose VCV
Printing Cholesky decomposed VCV
Chol decom fr 4 151.346 0.383343 -0.435742 151.573 0.252227 151.483 
Raw VCV
Measurement 5 label ARAWANG to COOLEMANRaw VCV for meas5 7.60239e-005 -2.21248e-008 2.55224e-008 7.60028e-005 -1.69824e-008 7.60154e-005 
Scaling VCV
sVCV for meas 5
  7.6024e-005 -2.2125e-008  2.5522e-008
 -2.2125e-008  7.6003e-005 -1.6982e-008
  2.5522e-008 -1.6982e-008  7.6015e-005

Cholesky decompose VCV
Printing Cholesky decomposed VCV
Chol decom fr 5 114.69 0.0333783 -0.0385 114.706 0.0256262 114.696 
Raw VCV
Measurement 6 label ARAWANG to COOLEMANRaw VCV for meas6 3.56961e-005 -4.11985e-008 6.41004e-008 3.56409e-005 -2.8033e-008 3.56853e-005 
Scaling VCV
sVCV for meas 6
  3.5696e-005 -4.1199e-008  6.4100e-008
 -4.1199e-008  3.5641e-005 -2.8033e-008
  6.4100e-008 -2.8033e-008  3.5685e-005

Cholesky decompose VCV
Printing Cholesky decomposed VCV
Chol decom fr 6 167.375 0.193238 -0.300499 167.504 0.131585 167.4 
Raw VCV
Measurement 7 label ARAWANG to COOLEMANRaw VCV for meas7 5.74584e-005 -9.96775e-008 1.15211e-007 5.73204e-005 -6.68616e-008 5.73459e-005 
Scaling VCV
sVCV for meas 7
  5.7458e-005 -9.9678e-008  1.1521e-007
 -9.9678e-008  5.7320e-005 -6.6862e-008
  1.1521e-007 -6.6862e-008  5.7346e-005

Cholesky decompose VCV
Printing Cholesky decomposed VCV
Chol decom fr 7 131.924 0.229102 -0.264775 132.083 0.154 132.053 
Raw VCV
Measurement 8 label ARAWANG to COOLEMANRaw VCV for meas8 3.82703e-005 -4.93769e-008 6.54708e-008 3.81955e-005 -3.57751e-008 3.82258e-005 
Scaling VCV
sVCV for meas 8
  3.8270e-005 -4.9377e-008  6.5471e-008
 -4.9377e-008  3.8195e-005 -3.5775e-008
  6.5471e-008 -3.5775e-008  3.8226e-005

Cholesky decompose VCV
Printing Cholesky decomposed VCV
Chol decom fr 8 161.648 0.20871 -0.276665 161.806 0.151432 161.742 
Raw VCV
Measurement 9 label ARAWANG to COOLEMANRaw VCV for meas9 3.82224e-005 -4.47076e-008 6.91645e-008 3.81624e-005 -3.11048e-008 3.82072e-005 
Scaling VCV
sVCV for meas 9
  3.8222e-005 -4.4708e-008  6.9164e-008
 -4.4708e-008  3.8162e-005 -3.1105e-008
  6.9164e-008 -3.1105e-008  3.8207e-005

Cholesky decompose VCV
Printing Cholesky decomposed VCV
Chol decom fr 9 161.749 0.189252 -0.292652 161.876 0.131785 161.781 
Raw VCV
Measurement 10 label ARAWANG to COOLEMANRaw VCV for meas10 8.38046e-005 -1.33365e-007 1.11663e-007 8.36654e-005 -6.26363e-008 8.37006e-005 
Scaling VCV
sVCV for meas 10
  8.3805e-005 -1.3337e-007  1.1166e-007
 -1.3337e-007  8.3665e-005 -6.2636e-008
  1.1166e-007 -6.2636e-008  8.3701e-005

Cholesky decompose VCV
Printing Cholesky decomposed VCV
Chol decom fr 10 109.236 0.174017 -0.1456 109.327 0.0818135 109.304 
Raw VCV
Measurement 11 label ARAWANG to COOLEMANRaw VCV for meas11 7.20649e-005 -4.23319e-007 3.62194e-007 7.1784e-005 -2.57455e-007 7.17929e-005 
Scaling VCV
sVCV for meas 11
  7.2065e-005 -4.2332e-007  3.6219e-007
 -4.2332e-007  7.1784e-005 -2.5746e-007
  3.6219e-007 -2.5746e-007  7.1793e-005

Cholesky decompose VCV
Printing Cholesky decomposed VCV
Chol decom fr 11 117.802 0.692569 -0.591824 118.029 0.423262 118.021 
Raw VCV
Measurement 12 label ARAWANG to COOLEMANRaw VCV for meas12 4.56557e-005 -8.83946e-008 1.08325e-007 4.55305e-005 -5.30608e-008 4.55891e-005 
Scaling VCV
sVCV for meas 12
  4.5656e-005 -8.8395e-008  1.0832e-007
 -8.8395e-008  4.5531e-005 -5.3061e-008
  1.0832e-007 -5.3061e-008  4.5589e-005

Cholesky decompose VCV
Printing Cholesky decomposed VCV
Chol decom fr 12 147.997 0.286918 -0.351324 148.2 0.172489 148.105 
Raw VCV
Measurement 13 label ARAWANG to COOLEMANRaw VCV for meas13 6.63315e-005 -1.20799e-007 1.25247e-007 6.61808e-005 -5.65926e-008 6.62814e-005 
Scaling VCV
sVCV for meas 13
  6.6332e-005 -1.2080e-007  1.2525e-007
 -1.2080e-007  6.6181e-005 -5.6593e-008
  1.2525e-007 -5.6593e-008  6.6281e-005

Cholesky decompose VCV
Printing Cholesky decomposed VCV
Chol decom fr 13 122.784 0.223917 -0.231824 122.923 0.104955 122.83 
Raw VCV
Measurement 14 label ARAWANG to COOLEMANRaw VCV for meas14 0.000121458 -8.70456e-008 7.58455e-008 0.000121376 -3.61779e-008 0.0001214 
Scaling VCV
sVCV for meas 14
  1.2146e-004 -8.7046e-008  7.5846e-008
 -8.7046e-008  1.2138e-004 -3.6178e-008
  7.5846e-008 -3.6178e-008  1.2140e-004

Cholesky decompose VCV
Printing Cholesky decomposed VCV
Chol decom fr 14 90.7375 0.0650562 -0.0566694 90.7683 0.0270495 90.7591 
Raw VCV
Measurement 15 label ARAWANG to COOLEMANRaw VCV for meas15 5.15184e-005 -6.47016e-008 5.7621e-008 5.14538e-005 -2.70016e-008 5.14749e-005 
Scaling VCV
sVCV for meas 15
  5.1518e-005 -6.4702e-008  5.7621e-008
 -6.4702e-008  5.1454e-005 -2.7002e-008
  5.7621e-008 -2.7002e-008  5.1475e-005

Cholesky decompose VCV
Printing Cholesky decomposed VCV
Chol decom fr 15 139.322 0.175111 -0.155865 139.409 0.0731283 139.381 
Raw VCV
Measurement 16 label ARAWANG to COOLEMANRaw VCV for meas16 0.00013674 -9.96636e-008 1.0259e-007 0.000136654 -5.95756e-008 0.00013667 
Scaling VCV
sVCV for meas 16
  1.3674e-004 -9.9664e-008  1.0259e-007
 -9.9664e-008  1.3665e-004 -5.9576e-008
  1.0259e-007 -5.9576e-008  1.3667e-004

Cholesky decompose VCV
Printing Cholesky decomposed VCV
Chol decom fr 16 85.5169 0.0623407 -0.0641652 85.5439 0.0372892 85.5388 
Raw VCV
Measurement 17 label ARAWANG to COOLEMANRaw VCV for meas17 0.000158314 -2.00272e-007 1.50403e-007 0.000158197 -1.08296e-007 0.000158142 
Scaling VCV
sVCV for meas 17
  1.5831e-004 -2.0027e-007  1.5040e-007
 -2.0027e-007  1.5820e-004 -1.0830e-007
  1.5040e-007 -1.0830e-007  1.5814e-004

Cholesky decompose VCV
Printing Cholesky decomposed VCV
Chol decom fr 17 79.477 0.100563 -0.0755187 79.5062 0.0544463 79.52 
Raw VCV
Measurement 18 label ARAWANG to COOLEMANRaw VCV for meas18 0.000171865 -2.86493e-007 5.02326e-007 0.000171343 -2.32421e-007 0.000171648 
Scaling VCV
sVCV for meas 18
  1.7187e-004 -2.8649e-007  5.0233e-007
 -2.8649e-007  1.7134e-004 -2.3242e-007
  5.0233e-007 -2.3242e-007  1.7165e-004

Cholesky decompose VCV
Printing Cholesky decomposed VCV
Chol decom fr 18 76.2796 0.12724 -0.223059 76.3954 0.103444 76.3274 
Raw VCV
Measurement 19 label ARAWANG to COOLEMANRaw VCV for meas19 0.000323485 -6.59083e-007 8.91116e-007 0.000322635 -3.9272e-007 0.000323261 
Scaling VCV
sVCV for meas 19
  3.2349e-004 -6.5908e-007  8.9112e-007
 -6.5908e-007  3.2264e-004 -3.9272e-007
  8.9112e-007 -3.9272e-007  3.2326e-004

Cholesky decompose VCV
Printing Cholesky decomposed VCV
Chol decom fr 19 55.6 0.113394 -0.153132 55.673 0.0676353 55.619 
Raw VCV
Measurement 20 label ARAWANG to COOLEMANRaw VCV for meas20 0.00139299 -3.1864e-007 3.50663e-007 0.00139263 -1.77085e-007 0.00139279 
Scaling VCV
sVCV for meas 20
  1.3930e-003 -3.1864e-007  3.5066e-007
 -3.1864e-007  1.3926e-003 -1.7709e-007
  3.5066e-007 -1.7709e-007  1.3928e-003

Cholesky decompose VCV
Printing Cholesky decomposed VCV
Chol decom fr 20 26.7933 0.00612958 -0.00674499 26.7968 0.00340706 26.7952 
Raw VCV
Measurement 21 label ARAWANG to COOLEMANRaw VCV for meas21 0.0032893 -9.71953e-008 1.51449e-007 0.00328916 -7.05227e-008 0.00328926 
Scaling VCV
sVCV for meas 21
  3.2893e-003 -9.7195e-008  1.5145e-007
 -9.7195e-008  3.2892e-003 -7.0523e-008
  1.5145e-007 -7.0523e-008  3.2893e-003

Cholesky decompose VCV
Printing Cholesky decomposed VCV
Chol decom fr 21 17.4361 0.000515221 -0.000802806 17.4364 0.000373841 17.4362 
Raw VCV
Measurement 22 label ARAWANG to COOLEMANRaw VCV for meas22 0.00328931 -1.08744e-007 1.39867e-007 0.00328916 -6.32662e-008 0.00328926 
Scaling VCV
sVCV for meas 22
  3.2893e-003 -1.0874e-007  1.3987e-007
 -1.0874e-007  3.2892e-003 -6.3266e-008
  1.3987e-007 -6.3266e-008  3.2893e-003

Cholesky decompose VCV
Printing Cholesky decomposed VCV
Chol decom fr 22 17.436 0.000576445 -0.000741408 17.4364 0.000335375 17.4362 
Raw VCV
Measurement 23 label ARAWANG to COOLEMANRaw VCV for meas23 0.00849696 -6.48557e-008 8.8389e-008 0.00849687 -4.75679e-008 0.00849692 
Scaling VCV
sVCV for meas 23
  8.4970e-003 -6.4856e-008  8.8389e-008
 -6.4856e-008  8.4969e-003 -4.7568e-008
  8.8389e-008 -4.7568e-008  8.4969e-003

Cholesky decompose VCV
Printing Cholesky decomposed VCV
Chol decom fr 23 10.8485 8.28045e-005 -0.00011285 10.8485 6.07328e-005 10.8485 
Raw VCV
Measurement 24 label ARAWANG to COOLEMANRaw VCV for meas24 0.00849749 -2.99917e-007 3.71699e-007 0.00849711 -1.81567e-007 0.00849735 
Scaling VCV
sVCV for meas 24
  8.4975e-003 -2.9992e-007  3.7170e-007
 -2.9992e-007  8.4971e-003 -1.8157e-007
  3.7170e-007 -1.8157e-007  8.4973e-003

Cholesky decompose VCV
Printing Cholesky decomposed VCV
Chol decom fr 24 10.8481 0.000382889 -0.00047452 10.8484 0.000231803 10.8482 
Raw VCV
Measurement 25 label ARAWANG to COOLEMANRaw VCV for meas25 0.00615179 -5.67067e-008 7.93772e-008 0.00615171 -4.12937e-008 0.00615176 
Scaling VCV
sVCV for meas 25
  6.1518e-003 -5.6707e-008  7.9377e-008
 -5.6707e-008  6.1517e-003 -4.1294e-008
  7.9377e-008 -4.1294e-008  6.1518e-003

Cholesky decompose VCV
Printing Cholesky decomposed VCV
Chol decom fr 25 12.7497 0.000117526 -0.000164511 12.7498 8.55828e-005 12.7497 
Raw VCV
Measurement 26 label ARAWANG to COOLEMANRaw VCV for meas26 0.00797701 -6.4672e-008 8.54174e-008 0.00797692 -4.67885e-008 0.00797697 
Scaling VCV
sVCV for meas 26
  7.9770e-003 -6.4672e-008  8.5417e-008
 -6.4672e-008  7.9769e-003 -4.6788e-008
  8.5417e-008 -4.6788e-008  7.9770e-003

Cholesky decompose VCV
Printing Cholesky decomposed VCV
Chol decom fr 26 11.1964 9.07732e-005 -0.000119891 11.1965 6.56725e-005 11.1965 
Raw VCV
Measurement 27 label ARAWANG to COOLEMANRaw VCV for meas27 0.000372182 -6.86381e-007 6.28389e-007 0.00037081 -4.34518e-007 0.000370866 
Scaling VCV
sVCV for meas 27
  3.7218e-004 -6.8638e-007  6.2839e-007
 -6.8638e-007  3.7081e-004 -4.3452e-007
  6.2839e-007 -4.3452e-007  3.7087e-004

Cholesky decompose VCV
Printing Cholesky decomposed VCV
Chol decom fr 27 51.8351 0.0958457 -0.0877162 51.9308 0.0608437 51.9268 
Raw VCV
Measurement 28 label ARAWANG to COOLEMANRaw VCV for meas28 0.000375541 -2.21808e-006 2.40054e-006 0.00037203 -1.51314e-006 0.000372542 
Scaling VCV
sVCV for meas 28
  3.7554e-004 -2.2181e-006  2.4005e-006
 -2.2181e-006  3.7203e-004 -1.5131e-006
  2.4005e-006 -1.5131e-006  3.7254e-004

Cholesky decompose VCV
Printing Cholesky decomposed VCV
Chol decom fr 28 51.6046 0.306324 -0.331279 51.8459 0.210581 51.8098 
Raw VCV
Measurement 29 label ARAWANG to COOLEMANRaw VCV for meas29 0.000371426 -5.15734e-007 9.09893e-007 0.000370591 -3.85772e-007 0.000371253 
Scaling VCV
sVCV for meas 29
  3.7143e-004 -5.1573e-007  9.0989e-007
 -5.1573e-007  3.7059e-004 -3.8577e-007
  9.0989e-007 -3.8577e-007  3.7125e-004

Cholesky decompose VCV
Printing Cholesky decomposed VCV
Chol decom fr 29 51.8879 0.0720776 -0.127096 51.9461 0.0539776 51.8997 
Raw VCV
Measurement 30 label ARAWANG to COOLEMANRaw VCV for meas30 4.60963e-005 -6.96419e-008 7.60218e-008 4.59919e-005 -4.77349e-008 4.60006e-005 
Scaling VCV
sVCV for meas 30
  4.6096e-005 -6.9642e-008  7.6022e-008
 -6.9642e-008  4.5992e-005 -4.7735e-008
  7.6022e-008 -4.7735e-008  4.6001e-005

Cholesky decompose VCV
Printing Cholesky decomposed VCV
Chol decom fr 30 147.288 0.222775 -0.243181 147.455 0.153014 147.441 
Raw VCV
Measurement 31 label ARAWANG to COOLEMANRaw VCV for meas31 5.24227e-005 -6.36406e-008 6.90655e-008 5.23322e-005 -4.364e-008 5.23402e-005 
Scaling VCV
sVCV for meas 31
  5.2423e-005 -6.3641e-008  6.9066e-008
 -6.3641e-008  5.2332e-005 -4.3640e-008
  6.9066e-008 -4.3640e-008  5.2340e-005

Cholesky decompose VCV
Printing Cholesky decomposed VCV
Chol decom fr 31 138.115 0.167808 -0.18211 138.234 0.115256 138.224 
Raw VCV
Measurement 32 label ARAWANG to COOLEMANRaw VCV for meas32 4.53076e-005 -9.27992e-008 8.83296e-008 4.51981e-005 -4.28633e-008 4.52079e-005 
Scaling VCV
sVCV for meas 32
  4.5308e-005 -9.2799e-008  8.8330e-008
 -9.2799e-008  4.5198e-005 -4.2863e-008
  8.8330e-008 -4.2863e-008  4.5208e-005

Cholesky decompose VCV
Printing Cholesky decomposed VCV
Chol decom fr 32 148.565 0.304754 -0.289985 148.744 0.14103 148.728 
Raw VCV
Measurement 33 label ARAWANG to COOLEMANRaw VCV for meas33 4.37389e-005 -1.22867e-007 2.2056e-007 4.35764e-005 -1.21407e-007 4.37329e-005 
Scaling VCV
sVCV for meas 33
  4.3739e-005 -1.2287e-007  2.2056e-007
 -1.2287e-007  4.3576e-005 -1.2141e-007
  2.2056e-007 -1.2141e-007  4.3733e-005

Cholesky decompose VCV
Printing Cholesky decomposed VCV
Chol decom fr 33 151.208 0.424221 -0.761412 151.487 0.420542 151.215 
Raw VCV
Measurement 34 label ARAWANG to COOLEMANRaw VCV for meas34 0.000110724 -1.19611e-007 1.01902e-007 0.000110608 -5.4433e-008 0.000110602 
Scaling VCV
sVCV for meas 34
  1.1072e-004 -1.1961e-007  1.0190e-007
 -1.1961e-007  1.1061e-004 -5.4433e-008
  1.0190e-007 -5.4433e-008  1.1060e-004

Cholesky decompose VCV
Printing Cholesky decomposed VCV
Chol decom fr 34 95.0343 0.102727 -0.0875078 95.084 0.0467957 95.0864 
Raw VCV
Measurement 35 label ARAWANG to COOLEMANRaw VCV for meas35 3.89712e-005 -1.13499e-007 2.03128e-007 3.88212e-005 -1.11815e-007 3.89645e-005 
Scaling VCV
sVCV for meas 35
  3.8971e-005 -1.1350e-007  2.0313e-007
 -1.1350e-007  3.8821e-005 -1.1181e-007
  2.0313e-007 -1.1181e-007  3.8965e-005

Cholesky decompose VCV
Printing Cholesky decomposed VCV
Chol decom fr 35 160.19 0.465935 -0.833758 160.497 0.460571 160.201 
Raw VCV
Measurement 36 label ARAWANG to COOLEMANRaw VCV for meas36 5.99754e-005 -9.42232e-007 9.45747e-007 5.92824e-005 -6.42611e-007 5.96927e-005 
Scaling VCV
sVCV for meas 36
  5.9975e-005 -9.4223e-007  9.4575e-007
 -9.4223e-007  5.9282e-005 -6.4261e-007
  9.4575e-007 -6.4261e-007  5.9693e-005

Cholesky decompose VCV
Printing Cholesky decomposed VCV
Chol decom fr 36 129.158 2.03088 -2.02446 129.886 1.39826 129.431 
Raw VCV
Measurement 37 label ARAWANG to COOLEMANRaw VCV for meas37 6.5712e-005 -6.95562e-007 6.77511e-007 6.52098e-005 -4.68863e-007 6.5485e-005 
Scaling VCV
sVCV for meas 37
  6.5712e-005 -6.9556e-007  6.7751e-007
 -6.9556e-007  6.5210e-005 -4.6886e-007
  6.7751e-007 -4.6886e-007  6.5485e-005

Cholesky decompose VCV
Printing Cholesky decomposed VCV
Chol decom fr 37 123.374 1.30687 -1.26708 123.838 0.886665 123.575 
Raw VCV
Measurement 38 label ARAWANG to COOLEMANRaw VCV for meas38 4.15418e-005 -1.02698e-007 7.90738e-008 4.14982e-005 -6.5111e-008 4.15266e-005 
Scaling VCV
sVCV for meas 38
  4.1542e-005 -1.0270e-007  7.9074e-008
 -1.0270e-007  4.1498e-005 -6.5111e-008
  7.9074e-008 -6.5111e-008  4.1527e-005

Cholesky decompose VCV
Printing Cholesky decomposed VCV
Chol decom fr 38 155.153 0.383504 -0.294836 155.234 0.243396 155.18 
Raw VCV
Measurement 39 label ARAWANG to COOLEMANRaw VCV for meas39 4.33144e-005 -1.8698e-007 2.11257e-007 4.30438e-005 -1.28127e-007 4.30986e-005 
Scaling VCV
sVCV for meas 39
  4.3314e-005 -1.8698e-007  2.1126e-007
 -1.8698e-007  4.3044e-005 -1.2813e-007
  2.1126e-007 -1.2813e-007  4.3099e-005

Cholesky decompose VCV
Printing Cholesky decomposed VCV
Chol decom fr 39 151.947 0.65784 -0.742849 152.422 0.453133 152.324 
Raw VCV
Measurement 40 label ARAWANG to COOLEMANRaw VCV for meas40 4.57634e-005 -9.39934e-008 7.66531e-008 4.56483e-005 -7.03766e-008 4.5702e-005 
Scaling VCV
sVCV for meas 40
  4.5763e-005 -9.3993e-008  7.6653e-008
 -9.3993e-008  4.5648e-005 -7.0377e-008
  7.6653e-008 -7.0377e-008  4.5702e-005

Cholesky decompose VCV
Printing Cholesky decomposed VCV
Chol decom fr 40 147.823 0.303998 -0.247466 148.009 0.227919 147.922 
Raw VCV
Measurement 41 label ARAWANG to COOLEMANRaw VCV for meas41 6.17376e-005 -3.2258e-007 3.95264e-007 6.12732e-005 -1.68557e-007 6.14404e-005 
Scaling VCV
sVCV for meas 41
  6.1738e-005 -3.2258e-007  3.9526e-007
 -3.2258e-007  6.1273e-005 -1.6856e-007
  3.9526e-007 -1.6856e-007  6.1440e-005

Cholesky decompose VCV
Printing Cholesky decomposed VCV
Chol decom fr 41 127.274 0.667803 -0.81696 127.752 0.350478 127.577 
Raw VCV
Measurement 42 label ARAWANG to COOLEMANRaw VCV for meas42 8.50107e-005 -9.04968e-008 1.26316e-007 8.49163e-005 -6.74901e-008 8.49918e-005 
Scaling VCV
sVCV for meas 42
  8.5011e-005 -9.0497e-008  1.2632e-007
 -9.0497e-008  8.4916e-005 -6.7490e-008
  1.2632e-007 -6.7490e-008  8.4992e-005

Cholesky decompose VCV
Printing Cholesky decomposed VCV
Chol decom fr 42 108.459 0.115458 -0.1611 108.519 0.0861723 108.47 
Raw VCV
Measurement 43 label ARAWANG to COOLEMANRaw VCV for meas43 2.78981e-005 -6.8649e-008 6.48616e-008 2.78306e-005 -4.23717e-008 2.78578e-005 
Scaling VCV
sVCV for meas 43
  2.7898e-005 -6.8649e-008  6.4862e-008
 -6.8649e-008  2.7831e-005 -4.2372e-008
  6.4862e-008 -4.2372e-008  2.7858e-005

Cholesky decompose VCV
Printing Cholesky decomposed VCV
Chol decom fr 43 189.328 0.466341 -0.440105 189.557 0.288315 189.464 
Raw VCV
Measurement 44 label ARAWANG to COOLEMANRaw VCV for meas44 4.21727e-005 -1.14481e-007 1.68285e-007 4.20252e-005 -9.68996e-008 4.21411e-005 
Scaling VCV
sVCV for meas 44
  4.2173e-005 -1.1448e-007  1.6829e-007
 -1.1448e-007  4.2025e-005 -9.6900e-008
  1.6829e-007 -9.6900e-008  4.2141e-005

Cholesky decompose VCV
Printing Cholesky decomposed VCV
Chol decom fr 44 153.989 0.418065 -0.613974 154.257 0.354701 154.045 
Raw VCV
Measurement 45 label ARAWANG to COOLEMANRaw VCV for meas45 5.8597e-005 -1.1095e-007 1.32454e-007 5.84879e-005 -6.66484e-008 5.85765e-005 
Scaling VCV
sVCV for meas 45
  5.8597e-005 -1.1095e-007  1.3245e-007
 -1.1095e-007  5.8488e-005 -6.6648e-008
  1.3245e-007 -6.6648e-008  5.8576e-005

Cholesky decompose VCV
Printing Cholesky decomposed VCV
Chol decom fr 45 130.636 0.247479 -0.295114 130.758 0.148776 130.659 
Raw VCV
Measurement 46 label ARAWANG to COOLEMANRaw VCV for meas46 4.65253e-005 -1.99881e-007 2.11674e-007 4.63116e-005 -1.2796e-007 4.6408e-005 
Scaling VCV
sVCV for meas 46
  4.6525e-005 -1.9988e-007  2.1167e-007
 -1.9988e-007  4.6312e-005 -1.2796e-007
  2.1167e-007 -1.2796e-007  4.6408e-005

Cholesky decompose VCV
Printing Cholesky decomposed VCV
Chol decom fr 46 146.61 0.630926 -0.66697 146.946 0.40517 146.792 
Raw VCV
Measurement 47 label ARAWANG to COOLEMANRaw VCV for meas47 6.09917e-005 -6.63714e-008 9.31325e-008 6.09135e-005 -4.2386e-008 6.0975e-005 
Scaling VCV
sVCV for meas 47
  6.0992e-005 -6.6371e-008  9.3133e-008
 -6.6371e-008  6.0914e-005 -4.2386e-008
  9.3133e-008 -4.2386e-008  6.0975e-005

Cholesky decompose VCV
Printing Cholesky decomposed VCV
Chol decom fr 47 128.046 0.139383 -0.195479 128.128 0.0890664 128.063 
Raw VCV
Measurement 48 label ARAWANG to COOLEMANRaw VCV for meas48 6.0554e-005 -6.54432e-008 9.18613e-008 6.04769e-005 -4.17807e-008 6.05376e-005 
Scaling VCV
sVCV for meas 48
  6.0554e-005 -6.5443e-008  9.1861e-008
 -6.5443e-008  6.0477e-005 -4.1781e-008
  9.1861e-008 -4.1781e-008  6.0538e-005

Cholesky decompose VCV
Printing Cholesky decomposed VCV
Chol decom fr 48 128.508 0.138926 -0.194905 128.589 0.0887474 128.525 
Raw VCV
Measurement 49 label ARAWANG to COOLEMANRaw VCV for meas49 3.91789e-005 -1.41655e-007 1.98671e-007 3.90307e-005 -1.06091e-007 3.91512e-005 
Scaling VCV
sVCV for meas 49
  3.9179e-005 -1.4165e-007  1.9867e-007
 -1.4165e-007  3.9031e-005 -1.0609e-007
  1.9867e-007 -1.0609e-007  3.9151e-005

Cholesky decompose VCV
Printing Cholesky decomposed VCV
Chol decom fr 49 159.765 0.577639 -0.809156 160.066 0.433741 159.819 
Raw VCV
Measurement 50 label ARAWANG to COOLEMANRaw VCV for meas50 4.44205e-005 -4.45007e-008 9.62763e-008 4.43535e-005 -4.54817e-008 4.44385e-005 
Scaling VCV
sVCV for meas 50
  4.4420e-005 -4.4501e-008  9.6276e-008
 -4.4501e-008  4.4353e-005 -4.5482e-008
  9.6276e-008 -4.5482e-008  4.4439e-005

Cholesky decompose VCV
Printing Cholesky decomposed VCV
Chol decom fr 50 150.041 0.150206 -0.324911 150.154 0.153679 150.01 
Raw VCV
Measurement 51 label ARAWANG to COOLEMANRaw VCV for meas51 8.69632e-005 -6.40275e-008 1.4652e-007 8.6861e-005 -6.6787e-008 8.69972e-005 
Scaling VCV
sVCV for meas 51
  8.6963e-005 -6.4028e-008  1.4652e-007
 -6.4028e-008  8.6861e-005 -6.6787e-008
  1.4652e-007 -6.6787e-008  8.6997e-005

Cholesky decompose VCV
Printing Cholesky decomposed VCV
Chol decom fr 51 107.234 0.0789062 -0.180542 107.297 0.082371 107.213 
Raw VCV
Measurement 52 label ARAWANG to COOLEMANRaw VCV for meas52 5.08754e-005 -7.29008e-008 7.64083e-008 5.08305e-005 -4.63563e-008 5.08308e-005 
Scaling VCV
sVCV for meas 52
  5.0875e-005 -7.2901e-008  7.6408e-008
 -7.2901e-008  5.0830e-005 -4.6356e-008
  7.6408e-008 -4.6356e-008  5.0831e-005

Cholesky decompose VCV
Printing Cholesky decomposed VCV
Chol decom fr 52 140.2 0.200882 -0.210563 140.261 0.127915 140.261 
Raw VCV
Measurement 53 label ARAWANG to COOLEMANRaw VCV for meas53 4.07763e-005 -6.97629e-008 8.09137e-008 4.07272e-005 -5.3531e-008 4.07601e-005 
Scaling VCV
sVCV for meas 53
  4.0776e-005 -6.9763e-008  8.0914e-008
 -6.9763e-008  4.0727e-005 -5.3531e-008
  8.0914e-008 -5.3531e-008  4.0760e-005

Cholesky decompose VCV
Printing Cholesky decomposed VCV
Chol decom fr 53 156.602 0.267841 -0.310522 156.696 0.205792 156.633 
Raw VCV
Measurement 54 label ARAWANG to COOLEMANRaw VCV for meas54 8.86838e-005 -1.8831e-007 2.28121e-007 8.85416e-005 -1.45901e-007 8.86467e-005 
Scaling VCV
sVCV for meas 54
  8.8684e-005 -1.8831e-007  2.2812e-007
 -1.8831e-007  8.8542e-005 -1.4590e-007
  2.2812e-007 -1.4590e-007  8.8647e-005

Cholesky decompose VCV
Printing Cholesky decomposed VCV
Chol decom fr 54 106.189 0.225394 -0.272894 106.274 0.174914 106.211 
Raw VCV
Measurement 55 label ARAWANG to COOLEMANRaw VCV for meas55 9.95723e-005 -1.36358e-007 1.38003e-007 9.94823e-005 -8.96792e-008 9.94745e-005 
Scaling VCV
sVCV for meas 55
  9.9572e-005 -1.3636e-007  1.3800e-007
 -1.3636e-007  9.9482e-005 -8.9679e-008
  1.3800e-007 -8.9679e-008  9.9475e-005

Cholesky decompose VCV
Printing Cholesky decomposed VCV
Chol decom fr 55 100.215 0.137236 -0.138906 100.26 0.0903872 100.264 
Raw VCV
Measurement 56 label ARAWANG to COOLEMANRaw VCV for meas56 5.26691e-005 -2.43508e-007 3.21759e-007 5.24373e-005 -1.70694e-007 5.2546e-005 
Scaling VCV
sVCV for meas 56
  5.2669e-005 -2.4351e-007  3.2176e-007
 -2.4351e-007  5.2437e-005 -1.7069e-007
  3.2176e-007 -1.7069e-007  5.2546e-005

Cholesky decompose VCV
Printing Cholesky decomposed VCV
Chol decom fr 56 137.795 0.637153 -0.841704 138.096 0.448601 137.953 
Raw VCV
Measurement 57 label ARAWANG to COOLEMANRaw VCV for meas57 3.85934e-005 -4.37109e-008 5.00087e-008 3.85564e-005 -3.15032e-008 3.85774e-005 
Scaling VCV
sVCV for meas 57
  3.8593e-005 -4.3711e-008  5.0009e-008
 -4.3711e-008  3.8556e-005 -3.1503e-008
  5.0009e-008 -3.1503e-008  3.8577e-005

Cholesky decompose VCV
Printing Cholesky decomposed VCV
Chol decom fr 57 160.97 0.182319 -0.20852 161.047 0.131514 161.003 
Raw VCV
Measurement 58 label ARAWANG to COOLEMANRaw VCV for meas58 5.2476e-005 -6.04454e-008 6.50922e-008 5.24313e-005 -4.32236e-008 5.2454e-005 
Scaling VCV
sVCV for meas 58
  5.2476e-005 -6.0445e-008  6.5092e-008
 -6.0445e-008  5.2431e-005 -4.3224e-008
  6.5092e-008 -4.3224e-008  5.2454e-005

Cholesky decompose VCV
Printing Cholesky decomposed VCV
Chol decom fr 58 138.045 0.159004 -0.171174 138.104 0.113801 138.074 
Raw VCV
Measurement 59 label ARAWANG to COOLEMANRaw VCV for meas59 3.66911e-005 -3.73008e-008 3.48226e-008 3.66628e-005 -2.27618e-008 3.66607e-005 
Scaling VCV
sVCV for meas 59
  3.6691e-005 -3.7301e-008  3.4823e-008
 -3.7301e-008  3.6663e-005 -2.2762e-008
  3.4823e-008 -2.2762e-008  3.6661e-005

Cholesky decompose VCV
Printing Cholesky decomposed VCV
Chol decom fr 59 165.09 0.167865 -0.156708 165.153 0.10254 165.158 
Raw VCV
Measurement 60 label ARAWANG to COOLEMANRaw VCV for meas60 8.80087e-005 -7.26559e-008 9.56366e-008 8.79232e-005 -5.49921e-008 8.79765e-005 
Scaling VCV
sVCV for meas 60
  8.8009e-005 -7.2656e-008  9.5637e-008
 -7.2656e-008  8.7923e-005 -5.4992e-008
  9.5637e-008 -5.4992e-008  8.7976e-005

Cholesky decompose VCV
Printing Cholesky decomposed VCV
Chol decom fr 60 106.595 0.0880131 -0.115821 106.647 0.0666626 106.615 
Raw VCV
Measurement 61 label ARAWANG to COOLEMANRaw VCV for meas61 4.75183e-005 -4.34233e-008 4.06203e-008 4.74852e-005 -2.64682e-008 4.74828e-005 
Scaling VCV
sVCV for meas 61
  4.7518e-005 -4.3423e-008  4.0620e-008
 -4.3423e-008  4.7485e-005 -2.6468e-008
  4.0620e-008 -2.6468e-008  4.7483e-005

Cholesky decompose VCV
Printing Cholesky decomposed VCV
Chol decom fr 61 145.067 0.132589 -0.124027 145.118 0.0808926 145.121 
Raw VCV
Measurement 62 label ARAWANG to COOLEMANRaw VCV for meas62 0.000111839 -9.0494e-008 1.22912e-007 0.000111762 -7.82108e-008 0.000111862 
Scaling VCV
sVCV for meas 62
  1.1184e-004 -9.0494e-008  1.2291e-007
 -9.0494e-008  1.1176e-004 -7.8211e-008
  1.2291e-007 -7.8211e-008  1.1186e-004

Cholesky decompose VCV
Printing Cholesky decomposed VCV
Chol decom fr 62 94.5593 0.076492 -0.103847 94.5915 0.066136 94.5496 
Raw VCV
Measurement 63 label ARAWANG to COOLEMANRaw VCV for meas63 5.73983e-005 -7.86573e-008 1.08778e-007 5.73221e-005 -5.77053e-008 5.73771e-005 
Scaling VCV
sVCV for meas 63
  5.7398e-005 -7.8657e-008  1.0878e-007
 -7.8657e-008  5.7322e-005 -5.7705e-008
  1.0878e-007 -5.7705e-008  5.7377e-005

Cholesky decompose VCV
Printing Cholesky decomposed VCV
Chol decom fr 63 131.993 0.180869 -0.250057 132.081 0.132836 132.017 
Raw VCV
Measurement 64 label ARAWANG to COOLEMANRaw VCV for meas64 3.1971e-005 -7.67421e-008 1.16879e-007 3.1885e-005 -5.69398e-008 3.19538e-005 
Scaling VCV
sVCV for meas 64
  3.1971e-005 -7.6742e-008  1.1688e-007
 -7.6742e-008  3.1885e-005 -5.6940e-008
  1.1688e-007 -5.6940e-008  3.1954e-005

Cholesky decompose VCV
Printing Cholesky decomposed VCV
Chol decom fr 64 176.858 0.424516 -0.646146 177.095 0.315573 176.904 
Raw VCV
Measurement 65 label ARAWANG to COOLEMANRaw VCV for meas65 3.86977e-005 -1.21063e-008 1.40909e-008 3.86864e-005 -8.66108e-009 3.86924e-005 
Scaling VCV
sVCV for meas 65
  3.8698e-005 -1.2106e-008  1.4091e-008
 -1.2106e-008  3.8686e-005 -8.6611e-009
  1.4091e-008 -8.6611e-009  3.8692e-005

Cholesky decompose VCV
Printing Cholesky decomposed VCV
Chol decom fr 65 160.752 0.0502918 -0.0585312 160.776 0.0359888 160.763 
Raw VCV
Measurement 66 label ARAWANG to COOLEMANRaw VCV for meas66 3.71944e-005 -4.13266e-008 2.26542e-008 3.71747e-005 -2.33519e-008 3.71659e-005 
Scaling VCV
sVCV for meas 66
  3.7194e-005 -4.1327e-008  2.2654e-008
 -4.1327e-008  3.7175e-005 -2.3352e-008
  2.2654e-008 -2.3352e-008  3.7166e-005

Cholesky decompose VCV
Printing Cholesky decomposed VCV
Chol decom fr 66 163.969 0.182219 -0.0998314 164.012 0.103051 164.032 
Raw VCV
Measurement 67 label ARAWANG to COOLEMANRaw VCV for meas67 5.07228e-005 -4.46472e-008 3.25577e-008 5.06821e-005 -2.67748e-008 5.06852e-005 
Scaling VCV
sVCV for meas 67
  5.0723e-005 -4.4647e-008  3.2558e-008
 -4.4647e-008  5.0682e-005 -2.6775e-008
  3.2558e-008 -2.6775e-008  5.0685e-005

Cholesky decompose VCV
Printing Cholesky decomposed VCV
